1	1	17	6	13	
1	1	12	16	17	
1	1	18	6	13	
1	2	4	23	17	
1	5	14	5	11	
1	3	7	22	18	
1	10	12	19	23	
1	1	18	10	16	
1	4	9	21	19	
1	9	14	30	31	
1	5	13	10	14	
1	1	9	27	22	
1	10	12	23	26	
1	2	20	25	28	
1	8	5	21	19	
1	10	20	12	23	
1	8	19	20	27	
1	7	19	7	16	
1	10	8	4	9	
1	4	3	16	12	
1	7	1	3	3	
1	7	2	19	15	
1	3	5	9	8	
1	5	11	16	17	
1	6	11	1	7	
1	6	19	30	33	
1	4	9	18	17	
1	4	1	6	4	
1	6	9	20	20	
1	9	9	29	27	
1	5	12	29	27	
1	2	5	23	18	
1	2	1	9	5	
1	2	5	4	4	
1	5	15	21	23	
1	2	11	18	17	
1	9	1	9	8	
1	9	17	21	26	
1	5	3	29	21	
1	2	1	19	12	
1	8	3	3	5	
1	4	1	22	15	
1	6	17	1	11	
1	4	16	4	11	
1	2	14	1	7	
1	1	18	7	13	
1	9	12	10	16	
1	9	11	18	20	
1	4	2	12	9	
1	10	1	21	17	
1	3	16	4	10	
1	1	1	14	8	
1	7	5	9	10	
1	1	16	8	13	
1	8	10	2	9	
1	4	10	23	22	
1	5	9	21	19	
1	7	7	20	19	
1	1	12	15	16	
1	3	6	13	11	
1	10	13	9	16	
1	10	15	18	24	
1	5	20	15	22	
1	1	13	28	25	
1	8	1	16	13	
1	7	1	28	20	
1	10	19	17	25	
1	8	3	4	5	
1	2	19	19	23	
1	10	5	10	13	
1	2	9	6	8	
1	7	13	24	24	
1	5	6	10	10	
1	4	10	24	22	
1	8	16	6	15	
1	10	3	8	9	
1	7	19	7	16	
1	9	17	12	20	
1	6	6	21	18	
1	9	6	16	16	
1	1	20	10	18	
1	5	8	5	7	
1	6	16	28	29	
1	3	17	23	25	
1	9	14	14	19	
1	1	2	4	2	
1	2	13	26	24	
1	3	5	10	9	
1	4	14	28	27	
1	9	15	10	18	
1	10	10	12	17	
1	4	15	23	25	
1	8	9	20	21	
1	9	16	7	15	
1	10	7	12	15	
1	4	10	20	20	
1	2	2	5	3	
1	7	5	28	23	
1	1	16	21	22	
1	1	20	16	22	
1	10	16	17	23	
1	10	9	28	27	
1	5	20	11	19	
1	2	14	10	14	
1	3	4	15	11	
1	6	16	14	19	
1	4	4	11	9	
1	6	15	1	10	
1	6	7	11	12	
1	8	15	16	22	
1	2	17	10	16	
1	5	3	29	21	
1	5	18	29	30	
1	10	7	18	19	
1	6	10	16	18	
1	9	3	10	10	
1	3	19	26	28	
1	10	20	27	33	
1	7	20	13	22	
1	10	10	29	29	
1	1	14	5	10	
1	3	1	7	3	
1	7	9	2	7	
1	3	9	21	18	
1	9	1	22	17	
1	4	15	17	20	
1	6	18	29	31	
1	10	10	5	12	
1	4	18	2	11	
1	4	10	9	12	
1	1	4	9	7	
1	2	13	18	18	
1	5	11	12	14	
1	10	15	25	29	
1	7	3	2	3	
1	4	17	12	18	
1	6	15	20	24	
1	2	7	7	7	
1	9	6	25	22	
1	10	12	29	30	
1	10	10	20	23	
1	8	7	5	9	
1	8	10	17	19	
1	6	15	24	26	
1	2	2	30	21	
1	9	3	17	14	
1	8	14	19	23	
1	3	11	3	7	
1	4	10	3	8	
1	7	10	28	26	
1	4	17	11	17	
1	1	2	19	13	
1	10	3	12	12	
1	3	8	15	13	
1	1	20	11	18	
1	4	14	5	11	
1	8	17	8	17	
1	10	1	11	10	
1	9	2	23	19	
1	7	11	5	10	
1	9	10	3	10	
1	8	18	6	16	
1	6	9	28	25	
1	10	20	21	29	
1	5	12	13	16	
1	3	4	20	15	
1	5	12	7	11	
1	8	7	3	8	
1	8	10	28	27	
1	8	6	2	6	
1	3	6	11	9	
1	3	11	19	18	
1	6	19	17	23	
1	6	1	12	9	
1	7	5	13	13	
1	2	12	27	24	
1	9	14	14	19	
1	4	19	4	13	
1	1	6	28	21	
1	1	14	5	10	
1	7	20	9	19	
1	5	14	11	15	
1	8	14	8	15	
1	5	19	18	23	
1	6	15	3	12	
1	3	2	30	21	
1	5	20	11	19	
1	5	18	14	19	
1	10	14	15	21	
1	6	9	9	12	
1	2	18	16	20	
1	10	1	27	21	
1	7	7	22	20	
1	9	17	29	32	
1	1	3	17	11	
1	10	10	27	27	
1	4	18	24	26	
1	8	4	6	8	
1	9	14	13	19	
1	10	20	4	17	
1	9	13	15	19	
1	8	6	3	7	
1	9	16	14	20	
1	5	19	11	18	
1	3	17	17	20	
1	5	3	22	16	
1	7	1	21	15	
1	4	3	2	2	
1	2	15	22	23	
1	7	17	1	11	
1	9	4	26	22	
1	5	1	24	16	
1	9	19	29	33	
1	8	15	27	29	
1	2	20	24	27	
1	8	19	13	22	
1	8	8	12	14	
1	6	10	17	18	
1	3	8	4	5	
1	2	16	9	14	
1	7	9	16	17	
1	4	20	28	31	
1	10	8	9	13	
1	2	13	3	8	
1	5	6	12	11	
1	10	7	28	26	
1	4	12	16	18	
1	1	3	29	20	
1	5	17	19	23	
1	7	16	15	20	
1	9	8	17	17	
1	8	4	2	5	
1	8	1	16	13	
1	1	16	28	27	
1	3	6	3	4	
1	9	2	13	12	
1	8	5	12	13	
1	7	14	5	12	
1	1	13	27	24	
1	10	11	7	13	
1	8	2	13	12	
1	6	14	16	20	
1	5	2	26	19	
1	8	5	13	14	
1	9	18	2	13	
1	2	16	3	10	
1	9	8	17	17	
1	10	7	28	26	
1	7	3	26	20	
1	10	7	22	22	
1	7	5	29	24	
1	8	7	23	22	
1	5	8	1	4	
1	7	1	25	18	
1	9	3	10	10	
1	4	8	2	5	
1	2	10	7	9	
1	8	12	17	20	
1	3	7	14	12	
1	7	5	5	7	
1	4	10	27	24	
1	9	12	22	24	
1	8	3	6	7	
1	6	20	7	17	
1	1	4	10	8	
1	10	17	12	21	
1	5	18	1	10	
1	9	17	30	33	
1	7	17	1	11	
1	8	11	3	10	
1	8	10	8	13	
1	5	19	9	17	
1	4	12	15	17	
1	9	11	16	19	
1	5	14	3	10	
1	8	15	18	23	
1	6	11	26	25	
1	8	1	3	4	
1	6	10	4	9	
1	5	5	4	5	
1	6	3	21	16	
1	8	6	28	24	
1	7	1	4	3	
1	10	15	9	18	
1	3	20	12	19	
1	9	3	18	15	
1	1	19	4	12	
1	2	14	17	18	
1	6	13	6	12	
1	3	8	12	11	
1	6	9	11	13	
1	1	14	16	18	
1	8	4	17	15	
1	5	12	10	14	
1	2	20	6	15	
1	2	1	20	13	
1	3	3	7	4	
1	5	4	22	17	
1	9	9	14	16	
1	10	18	3	15	
theta0 = -0.6322444279973438	theta1 = 0.32880380932768766	theta2 = 0.5415807799370923	theta3 = 0.6629879710964075	
theta0 = -0.605186288090232	theta1 = 0.3299873612430657	theta2 = 0.5402686364106742	theta3 = 0.6613173539151352	
theta0 = -2.98008314665982	theta1 = 0.47187759757498315	theta2 = 0.6097416031227628	theta3 = 0.7039156652389352	
